[gd_scene load_steps=14 format=3 uid="uid://der5tmhxdcii2"]

[ext_resource type="Texture2D" uid="uid://c8arnlq67qi7" path="res://assets/textures/grids/Dark/texture_05.png" id="1_g7aqn"]
[ext_resource type="Script" path="res://world.gd" id="1_ohkfi"]
[ext_resource type="Texture2D" uid="uid://b58xv1joypxo5" path="res://assets/textures/grids/Orange/texture_09.png" id="2_kqjkr"]
[ext_resource type="Texture2D" uid="uid://cm5m7nr7dugjd" path="res://assets/textures/grids/Purple/texture_09.png" id="3_ium8o"]
[ext_resource type="Texture2D" uid="uid://djg8y25y06h5n" path="res://assets/textures/grids/Green/texture_09.png" id="4_2t3w4"]
[ext_resource type="PackedScene" uid="uid://cqqrkjkierv33" path="res://player/player.tscn" id="5_ucmne"]

[sub_resource type="ProceduralSkyMaterial" id="ProceduralSkyMaterial_j51qi"]
sky_horizon_color = Color(0.64625, 0.65575, 0.67075, 1)
ground_horizon_color = Color(0.64625, 0.65575, 0.67075, 1)

[sub_resource type="Sky" id="Sky_4c2fo"]
sky_material = SubResource("ProceduralSkyMaterial_j51qi")

[sub_resource type="Environment" id="Environment_6wt51"]
background_mode = 2
sky = SubResource("Sky_4c2fo")
tonemap_mode = 2
sdfgi_enabled = true
glow_enabled = true
fog_enabled = true
fog_light_color = Color(1, 1, 1, 1)
fog_density = 0.001

[sub_resource type="StandardMaterial3D" id="StandardMaterial3D_gc8rs"]
albedo_texture = ExtResource("1_g7aqn")
uv1_triplanar = true

[sub_resource type="StandardMaterial3D" id="StandardMaterial3D_qrhsd"]
albedo_texture = ExtResource("2_kqjkr")

[sub_resource type="StandardMaterial3D" id="StandardMaterial3D_4vrke"]
albedo_texture = ExtResource("3_ium8o")
uv1_triplanar = true

[sub_resource type="StandardMaterial3D" id="StandardMaterial3D_mrlf2"]
albedo_texture = ExtResource("4_2t3w4")
uv1_triplanar = true

[node name="World" type="Node3D"]
script = ExtResource("1_ohkfi")

[node name="DirectionalLight3D" type="DirectionalLight3D" parent="."]
transform = Transform3D(-0.866025, -0.433013, 0.25, 0, 0.5, 0.866025, -0.5, 0.75, -0.433013, 0, 0, 0)
shadow_enabled = true

[node name="WorldEnvironment" type="WorldEnvironment" parent="."]
environment = SubResource("Environment_6wt51")

[node name="map" type="Node3D" parent="."]

[node name="Floor" type="CSGBox3D" parent="map"]
transform = Transform3D(1, 0, 0, 0, 1, 0, 0, 0, 1, 0, -0.5, 0)
material_override = SubResource("StandardMaterial3D_gc8rs")
use_collision = true
size = Vector3(1000, 1, 1000)

[node name="box" type="CSGBox3D" parent="map"]
transform = Transform3D(0.707107, 0, -0.707107, 0, 1, 0, 0.707107, 0, 0.707107, 4.6, 0.5, 1.79836)
material_override = SubResource("StandardMaterial3D_qrhsd")
use_collision = true

[node name="box2" type="CSGBox3D" parent="map"]
transform = Transform3D(0.707107, 0, -0.707107, 0, 1, 0, 0.707107, 0, 0.707107, -0.954, 1, 5.661)
material_override = SubResource("StandardMaterial3D_4vrke")
use_collision = true
size = Vector3(2, 2, 2)

[node name="box3" type="CSGBox3D" parent="map"]
transform = Transform3D(0.707107, 0, -0.707107, 0, 1, 0, 0.707107, 0, 0.707107, -3.22301, 1.5, -3.21336)
material_override = SubResource("StandardMaterial3D_mrlf2")
use_collision = true
size = Vector3(4, 3, 4)

[node name="Player" parent="." instance=ExtResource("5_ucmne")]
